cam0:
  cam_overlaps:
  - 1
  - 2
  - 3
  camera_model: pinhole
  distortion_coeffs:
  - -0.007209296669464594
  - 0.07067359792705494
  - -0.056904900201315965
  - 0.01077164833021265
  distortion_model: equidistant
  intrinsics:
  - 280.65263032321155
  - 280.3263567762588
  - 418.17555218462746
  - 382.1098144068207
  resolution:
  - 848
  - 800
  rostopic: /camera1/fisheye1/image_raw_throttled
cam1:
  T_cn_cnm1:
  - - 0.9999653340486572
    - -0.0076518740823926104
    - -0.0032832185342801788
    - -0.06384365739165172
  - - 0.0075972447551650385
    - 0.9998376181247633
    - -0.01634072381166767
    - -0.006107574764910788
  - - 0.0034077225601198756
    - 0.016315213930141816
    - 0.9998610909628027
    - 0.004540661157232401
  - - 0.0
    - 0.0
    - 0.0
    - 1.0
  cam_overlaps:
  - 0
  - 2
  - 3
  camera_model: pinhole
  distortion_coeffs:
  - 0.19334519976098463
  - -0.7074548309193069
  - 1.0239018999067475
  - -0.4933448748862463
  distortion_model: equidistant
  intrinsics:
  - 279.5187350888408
  - 280.17711150549246
  - 414.82355714224485
  - 384.63221077472485
  resolution:
  - 848
  - 800
  rostopic: /camera1/fisheye2/image_raw_throttled
cam2:
  T_cn_cnm1:
  - - 0.9990254881384382
    - -0.026567897207295417
    - 0.03524515410253186
    - 0.05201885356419053
  - - 0.038766386233174695
    - 0.1464208927994245
    - -0.988462487629254
    - -0.16210826640869402
  - - 0.02110074283405581
    - 0.9888655464671501
    - 0.1473081452671542
    - -0.2992838663010925
  - - 0.0
    - 0.0
    - 0.0
    - 1.0
  cam_overlaps:
  - 0
  - 1
  - 3
  - 4
  - 5
  camera_model: pinhole
  distortion_coeffs:
  - -0.01501428389560368
  - 0.05993832464631784
  - -0.05979541905951939
  - 0.014262419042237415
  distortion_model: equidistant
  intrinsics:
  - 287.42729035042066
  - 287.4536982927349
  - 425.8315014447587
  - 405.34411499171216
  resolution:
  - 848
  - 800
  rostopic: /camera2/fisheye1/image_raw_throttled
cam3:
  T_cn_cnm1:
  - - 0.9999783145192416
    - -0.003975700830915711
    - -0.005250170868458978
    - -0.06333447999093836
  - - 0.003979534564893457
    - 0.9999918224429687
    - 0.0007199665444232953
    - -0.00013647601873763646
  - - 0.005247265563298413
    - -0.000740844168045283
    - 0.9999859585784268
    - 0.0004883307834433009
  - - 0.0
    - 0.0
    - 0.0
    - 1.0
  cam_overlaps:
  - 0
  - 1
  - 2
  - 4
  - 5
  camera_model: pinhole
  distortion_coeffs:
  - -0.008050489528392057
  - 0.042094028375160075
  - -0.044525305617866245
  - 0.010150514290946482
  distortion_model: equidistant
  intrinsics:
  - 289.13503573619914
  - 289.0200161402712
  - 431.99635905914363
  - 402.1964318811863
  resolution:
  - 848
  - 800
  rostopic: /camera2/fisheye2/image_raw_throttled
cam4:
  T_cn_cnm1:
  - - -0.9985458989766514
    - -0.025532890536208525
    - -0.047477985822737774
    - 0.006310246193020441
  - - -0.04076042747700595
    - -0.21878313882527653
    - 0.9749218049247121
    - 0.23733810327913274
  - - -0.035279954489905944
    - 0.9754393931283649
    - 0.21742427450623905
    - -0.039578045937481134
  - - 0.0
    - 0.0
    - 0.0
    - 1.0
  cam_overlaps:
  - 2
  - 3
  - 5
  camera_model: pinhole
  distortion_coeffs:
  - 0.012774546687270065
  - -0.010377753170263303
  - 0.015596332888460029
  - -0.013718538595817698
  distortion_model: equidistant
  intrinsics:
  - 289.7662675254405
  - 289.8651883550259
  - 421.1310607671132
  - 389.36238421093304
  resolution:
  - 848
  - 800
  rostopic: /camera3/fisheye1/image_raw_throttled
cam5:
  T_cn_cnm1:
  - - 0.9999697909382264
    - -0.0034202125235134866
    - -0.0069799253036433515
    - -0.06316602719022538
  - - 0.003437468327116772
    - 0.9999910618650344
    - 0.0024617070360944435
    - -5.871024365336819e-05
  - - 0.006971443354894899
    - -0.0024856259423914483
    - 0.9999726099454997
    - 0.0014218110967466127
  - - 0.0
    - 0.0
    - 0.0
    - 1.0
  cam_overlaps:
  - 2
  - 3
  - 4
  camera_model: pinhole
  distortion_coeffs:
  - -0.014678298434448003
  - 0.079598473731527
  - -0.09299337939111177
  - 0.028265854387758558
  distortion_model: equidistant
  intrinsics:
  - 291.53017540638456
  - 292.0836728962049
  - 423.628665179368
  - 407.4627755379264
  resolution:
  - 848
  - 800
  rostopic: /camera3/fisheye2/image_raw_throttled
