cam0:
  T_cam_imu:
  - - -0.02098849830517643
    - 0.9997627297218356
    - 0.005828138471038302
    - 0.04394147046539088
  - - 0.9910287246135582
    - 0.020034834935348775
    - 0.1321388375154614
    - -0.028126556642674803
  - - 0.13199071910448018
    - 0.008549248403065549
    - -0.9912140840514854
    - -0.0939500390610901
  - - 0.0
    - 0.0
    - 0.0
    - 1.0
  cam_overlaps:
  - 1
  camera_model: pinhole
  distortion_coeffs:
  - -0.022130310111987975
  - 0.06510042643224756
  - -0.06481546726737773
  - 0.016977091699834617
  distortion_model: equidistant
  intrinsics:
  - 293.49162286439264
  - 293.52680017019276
  - 423.5666652962232
  - 386.0813843895556
  resolution:
  - 848
  - 800
  rostopic: /camera3/fisheye1/image_raw_throttled
  timeshift_cam_imu: 0.0067641973560326465
cam1:
  T_cam_imu:
  - - -0.0244364707303996
    - 0.9996388773852367
    - 0.011179164469072377
    - -0.01892250268105379
  - - 0.9912451727109355
    - 0.0227768561174518
    - 0.13005469004489317
    - -0.028140128159592104
  - - 0.1297530981345365
    - 0.014259370441542817
    - -0.991443797640139
    - -0.09359329481430623
  - - 0.0
    - 0.0
    - 0.0
    - 1.0
  T_cn_cnm1:
  - - 0.9999797313337616
    - -0.002712442721296516
    - -0.005760171537625548
    - -0.06348054252624481
  - - 0.0027246809613969193
    - 0.9999940453996901
    - 0.0021178476863013846
    - 6.55063855403998e-05
  - - 0.005754392697564798
    - -0.0021334993900764343
    - 0.9999811673951845
    - 4.211045461737801e-05
  - - 0.0
    - 0.0
    - 0.0
    - 1.0
  cam_overlaps:
  - 0
  camera_model: pinhole
  distortion_coeffs:
  - -0.023660871212019437
  - 0.07748329823073707
  - -0.08269508970645895
  - 0.023414177791100613
  distortion_model: equidistant
  intrinsics:
  - 293.8506762143495
  - 294.1003643466184
  - 426.04078932182375
  - 404.14277739626164
  resolution:
  - 848
  - 800
  rostopic: /camera3/fisheye2/image_raw_throttled
  timeshift_cam_imu: 0.006823145480074817
