cam0:
  cam_overlaps:
  - 1
  - 2
  - 3
  camera_model: pinhole
  distortion_coeffs:
  - -0.0013036245790529507
  - 0.02912023352285915
  - -0.027539714866301107
  - 0.002942387519322575
  distortion_model: equidistant
  intrinsics:
  - 286.13313152372876
  - 286.20536919497454
  - 422.42768797147534
  - 392.0149020251103
  resolution:
  - 848
  - 800
  rostopic: /camera1/fisheye1/image_raw_throttled
cam1:
  T_cn_cnm1:
  - - 0.9999396510589443
    - -0.009659694468280845
    - -0.0052330242584857235
    - -0.06342197936015335
  - - 0.009648020829033939
    - 0.9999509221645677
    - -0.002251434277736233
    - -0.0004079379806380469
  - - 0.005254515600220715
    - 0.002200810079017012
    - 0.9999837731187426
    - -0.00014451525650356384
  - - 0.0
    - 0.0
    - 0.0
    - 1.0
  cam_overlaps:
  - 0
  - 2
  - 3
  camera_model: pinhole
  distortion_coeffs:
  - -0.009304711170063271
  - 0.045984413774704615
  - -0.043907911744010014
  - 0.008609726333282329
  distortion_model: equidistant
  intrinsics:
  - 286.046302523615
  - 285.80758340317243
  - 419.36712963676524
  - 386.60297206595044
  resolution:
  - 848
  - 800
  rostopic: /camera1/fisheye2/image_raw_throttled
cam2:
  T_cn_cnm1:
  - - 0.99597010782002
    - -0.07718117486885065
    - 0.045679432733463844
    - 0.05389049138737304
  - - 0.035743095764958835
    - -0.12554290960111475
    - -0.9914441027884693
    - -0.08875530074278311
  - - 0.08225554956429465
    - 0.9890814142904312
    - -0.12227829108687122
    - -0.2617386050441051
  - - 0.0
    - 0.0
    - 0.0
    - 1.0
  cam_overlaps:
  - 0
  - 1
  - 3
  - 4
  camera_model: pinhole
  distortion_coeffs:
  - -0.012338932745734417
  - 0.05842095000811143
  - -0.05307247643285292
  - 0.010689955974732311
  distortion_model: equidistant
  intrinsics:
  - 285.47791494343755
  - 285.4404339558072
  - 425.6748150988731
  - 407.3831126440681
  resolution:
  - 848
  - 800
  rostopic: /camera2/fisheye1/image_raw_throttled
cam3:
  T_cn_cnm1:
  - - 0.9999817907242444
    - -0.0042175743646521895
    - -0.004316281548885456
    - -0.06365700503416954
  - - 0.004217495178573462
    - 0.999991105950966
    - -2.7447768845942996e-05
    - -0.0003052284338420475
  - - 0.004316358922671973
    - 9.243372420161216e-06
    - 0.9999906844367141
    - -0.00022494557942307465
  - - 0.0
    - 0.0
    - 0.0
    - 1.0
  cam_overlaps:
  - 0
  - 1
  - 2
  - 4
  camera_model: pinhole
  distortion_coeffs:
  - -0.00804373845211355
  - 0.05325836636510003
  - -0.05075834312840821
  - 0.010454541248190976
  distortion_model: equidistant
  intrinsics:
  - 286.4413490089374
  - 286.20468873477074
  - 431.92186194788843
  - 404.618773837964
  resolution:
  - 848
  - 800
  rostopic: /camera2/fisheye2/image_raw_throttled
cam4:
  T_cn_cnm1:
  - - -0.9992895480989384
    - -0.02920415528764629
    - -0.023822602170015632
    - 0.009979197614140687
  - - -0.013727023891766714
    - -0.3066446085692044
    - 0.9517250931075164
    - 0.2730955160876442
  - - -0.03509939992778592
    - 0.9513759516349837
    - 0.30602586618672434
    - -0.05842961705523313
  - - 0.0
    - 0.0
    - 0.0
    - 1.0
  cam_overlaps:
  - 2
  - 3
  - 5
  camera_model: pinhole
  distortion_coeffs:
  - -0.0018341964959557929
  - 0.040105496579785425
  - -0.030308961835209123
  - 0.003440085148028069
  distortion_model: equidistant
  intrinsics:
  - 282.4138676919347
  - 282.38104301250945
  - 423.77967379879624
  - 385.9305394118978
  resolution:
  - 848
  - 800
  rostopic: /camera3/fisheye1/image_raw_throttled
cam5:
  T_cn_cnm1:
  - - 0.9999433728550295
    - -0.0018581018154237108
    - -0.010478479896967595
    - -0.06355837801009526
  - - 0.001974012078375792
    - 0.999936862713016
    - 0.011062272097793212
    - 0.004163477263775937
  - - 0.010457263486307563
    - -0.011082330318787057
    - 0.9998839070587562
    - -0.009411322144113147
  - - 0.0
    - 0.0
    - 0.0
    - 1.0
  cam_overlaps:
  - 4
  camera_model: pinhole
  distortion_coeffs:
  - 0.019361500129340892
  - 0.05064557496384576
  - -0.050253801128954334
  - 0.010099104579809162
  distortion_model: equidistant
  intrinsics:
  - 271.7888169449697
  - 270.7507691260859
  - 427.55409636842273
  - 396.9114167204251
  resolution:
  - 848
  - 800
  rostopic: /camera3/fisheye2/image_raw_throttled
