cam0:
  T_cam_imu:
  - - -0.01116040505911603
    - 0.9994443159149083
    - 0.031408673074434845
    - 0.061023280206239976
  - - -0.9997641904535736
    - -0.0117381213789724
    - 0.018269646772795026
    - -0.010241849075504624
  - - 0.01862817343774332
    - -0.03119736995121195
    - 0.9993396395933167
    - -0.014150545162710665
  - - 0.0
    - 0.0
    - 0.0
    - 1.0
  cam_overlaps:
  - 1
  camera_model: pinhole
  distortion_coeffs:
  - -0.08283662470811795
  - 0.2692983465386901
  - -0.3225663116960415
  - 0.12305680065322457
  distortion_model: equidistant
  intrinsics:
  - 298.55897399308645
  - 298.9835217748495
  - 422.94665782966587
  - 390.4194317646796
  resolution:
  - 848
  - 800
  rostopic: /camera1/fisheye1/image_raw_throttled
  timeshift_cam_imu: 0.008558186478012646
cam1:
  T_cam_imu:
  - - -0.008350055574441462
    - 0.9994176482881715
    - 0.033085357215008944
    - -0.002657563223624551
  - - -0.999827917923419
    - -0.008892447673039316
    - 0.016280630064699434
    - -0.010345953815210942
  - - 0.016565358819689888
    - -0.032943719652207784
    - 0.9993199188561449
    - -0.014092081414175596
  - - 0.0
    - 0.0
    - 0.0
    - 1.0
  T_cn_cnm1:
  - - 0.9999946449774499
    - -0.002778741322599845
    - 0.001728760562191375
    - -0.06368451319365821
  - - 0.0027823312591958907
    - 0.9999939709462496
    - -0.002077667901938778
    - -0.0003033536019008636
  - - -0.0017229768377472713
    - 0.0020824667605321666
    - 0.9999963473348307
    - 0.00018488206995649598
  - - 0.0
    - 0.0
    - 0.0
    - 1.0
  cam_overlaps:
  - 0
  camera_model: pinhole
  distortion_coeffs:
  - 0.0626108880110274
  - -0.21090281269167663
  - 0.2786702420838424
  - -0.12672606963884578
  distortion_model: equidistant
  intrinsics:
  - 294.7645291898266
  - 295.4193734402041
  - 416.6195593466746
  - 387.1775411527289
  resolution:
  - 848
  - 800
  rostopic: /camera1/fisheye2/image_raw_throttled
  timeshift_cam_imu: 0.008561193780810506
