cam0:
  T_cam_imu:
  - - -0.010462206278730984
    - -0.9986907013430206
    - -0.050074197854437286
    - 0.04634220180960487
  - - -0.06169050006771931
    - 0.050626192203321485
    - -0.9968105491337786
    - -0.028629381783317778
  - - 0.9980404923855417
    - -0.007339735279722592
    - -0.062139390444770154
    - -0.2569871243435297
  - - 0.0
    - 0.0
    - 0.0
    - 1.0
  cam_overlaps:
  - 1
  camera_model: pinhole
  distortion_coeffs:
  - 0.04799017292606844
  - -0.033485968723524925
  - 0.01809298959589841
  - -0.009258564242873163
  distortion_model: equidistant
  intrinsics:
  - 278.6209129271872
  - 279.2932610302486
  - 420.40640406136106
  - 393.84181695093014
  resolution:
  - 848
  - 800
  rostopic: /camera2/fisheye1/image_raw_throttled
  timeshift_cam_imu: 0.004359215171894252
cam1:
  T_cam_imu:
  - - -0.0069328428476569115
    - -0.9989556570112044
    - -0.045161167116919754
    - -0.018654261111710334
  - - -0.06960795519344448
    - 0.04553480296082593
    - -0.9965346528310522
    - -0.02662609812469693
  - - 0.9975503336994264
    - -0.0037652416431638303
    - -0.06985094624650018
    - -0.25954473496262676
  - - 0.0
    - 0.0
    - 0.0
    - 1.0
  T_cn_cnm1:
  - - 0.9999816677606168
    - -0.0051285027589426995
    - 0.0032190995857561827
    - -0.06431517208292181
  - - 0.005153741856076212
    - 0.9999556577705698
    - -0.00788171539095071
    - -0.00026232095037803064
  - - -0.0031785354445761074
    - 0.007898161309731418
    - 0.9999637573234087
    - -0.0021935047137781466
  - - 0.0
    - 0.0
    - 0.0
    - 1.0
  cam_overlaps:
  - 0
  camera_model: pinhole
  distortion_coeffs:
  - -0.019091197242692537
  - 0.14073924609663316
  - -0.15615704800203248
  - 0.051801685178179596
  distortion_model: equidistant
  intrinsics:
  - 279.6894849185469
  - 279.73690639799366
  - 427.5123718321547
  - 400.20850224926096
  resolution:
  - 848
  - 800
  rostopic: /camera2/fisheye2/image_raw_throttled
  timeshift_cam_imu: 0.004296534385771415
