cam0:
  T_cam_imu:
  - - -0.040550973077144836
    - -0.9990460750928543
    - -0.01620365465129675
    - 0.029073734600294016
  - - -0.025249653022558327
    - 0.017236420846952538
    - -0.9995325711644549
    - -0.03268808968183614
  - - 0.9988583851601467
    - -0.040122881725376536
    - -0.02592452038735449
    - -0.23594352996485096
  - - 0.0
    - 0.0
    - 0.0
    - 1.0
  cam_overlaps:
  - 1
  camera_model: pinhole
  distortion_coeffs:
  - -0.023766589310260787
  - 0.07422591111495024
  - -0.07380041869976968
  - 0.018853484840159862
  distortion_model: equidistant
  intrinsics:
  - 289.4707676041817
  - 289.753162501498
  - 426.11576155158014
  - 405.7743582392318
  resolution:
  - 848
  - 800
  rostopic: /camera2/fisheye1/image_raw_throttled
  timeshift_cam_imu: 0.008054755326466335
cam1:
  T_cam_imu:
  - - -0.0452418007777291
    - -0.998900916348413
    - -0.012253113101947877
    - -0.03336890089476388
  - - -0.02488417164394119
    - 0.013388740271503385
    - -0.9996006800895731
    - -0.03291415266884435
  - - 0.9986660890728107
    - -0.044918826256293454
    - -0.02546255257773211
    - -0.2360477532357502
  - - 0.0
    - 0.0
    - 0.0
    - 1.0
  T_cn_cnm1:
  - - 0.999981184142943
    - -0.0038277511632755726
    - -0.004793712664141965
    - -0.06369825580874336
  - - 0.003830293165070343
    - 0.9999925285693612
    - 0.0005212098635153543
    - -0.00021469204567519819
  - - 0.004791681786588919
    - -0.0005395613813578406
    - 0.9999883742620055
    - -0.00026391560393476617
  - - 0.0
    - 0.0
    - 0.0
    - 1.0
  cam_overlaps:
  - 0
  camera_model: pinhole
  distortion_coeffs:
  - -0.007936346599700082
  - 0.03467240873043604
  - -0.03359730859136345
  - 0.005076691301866004
  distortion_model: equidistant
  intrinsics:
  - 290.16818626805787
  - 290.2817801094475
  - 432.42339756184157
  - 402.7719627965969
  resolution:
  - 848
  - 800
  rostopic: /camera2/fisheye2/image_raw_throttled
  timeshift_cam_imu: 0.008053549633558744
