cam0:
  T_cam_imu:
  - - 0.004076421802559571
    - -0.9979106205309298
    - -0.06448082053495158
    - -0.08702353357635093
  - - -0.05223150814053129
    - 0.06418086165339126
    - -0.9965704624133672
    - 0.12154515034588294
  - - 0.9986266831717705
    - 0.0074303720634482096
    - -0.051860748436033
    - 0.49025173660689336
  - - 0.0
    - 0.0
    - 0.0
    - 1.0
  cam_overlaps: []
  camera_model: pinhole
  distortion_coeffs:
  - 0.1270672344192329
  - -0.20928294118648227
  - 0.0021637036573574574
  - 0.0019146824483201826
  distortion_model: radtan
  intrinsics:
  - 603.654560317249
  - 602.4724571714871
  - 332.44323980030674
  - 238.83295586609097
  resolution:
  - 640
  - 480
  rostopic: /l515/color/image_raw
  timeshift_cam_imu: 0.17232665435790273
