cam0:
  T_cam_imu:
  - - -0.012112789081896225
    - 0.9996243995036246
    - 0.024583332924466773
    - 0.057694237090806386
  - - -0.9997702374448082
    - -0.012542049337457561
    - 0.01738301809147204
    - -0.0015968605588694543
  - - 0.017684814395666187
    - -0.024367127763330138
    - 0.9995466424456421
    - -0.017944060570750875
  - - 0.0
    - 0.0
    - 0.0
    - 1.0
  cam_overlaps:
  - 1
  camera_model: pinhole
  distortion_coeffs:
  - -0.02834389699598264
  - 0.08091965236989322
  - -0.07754712203522643
  - 0.019937899440010207
  distortion_model: equidistant
  intrinsics:
  - 295.2620597111727
  - 296.2336601862935
  - 426.598933792723
  - 387.1525643023626
  resolution:
  - 848
  - 800
  rostopic: /top_cam/fisheye1/image_raw_throttled_20
  timeshift_cam_imu: 0.007186279251261392
cam1:
  T_cam_imu:
  - - -0.010403719629230701
    - 0.9996395729935648
    - 0.024748469106591287
    - -0.006202920618743932
  - - -0.9998995336428176
    - -0.01063833783169843
    - 0.009367411011303634
    - -0.002371330128518008
  - - 0.009627317318568052
    - -0.02464852680024093
    - 0.9996498211312927
    - -0.017886218842048232
  - - 0.0
    - 0.0
    - 0.0
    - 1.0
  T_cn_cnm1:
  - - 0.9999985257907058
    - -0.0017059965139190857
    - 0.00019491615808054892
    - -0.06389629930736963
  - - 0.0017075122709046967
    - 0.9999660546040657
    - -0.008060647704895053
    - -0.0010176781441616333
  - - -0.0001811581046899081
    - 0.008060968643545014
    - 0.9999674934547962
    - 8.058245082263212e-05
  - - 0.0
    - 0.0
    - 0.0
    - 1.0
  cam_overlaps:
  - 0
  camera_model: pinhole
  distortion_coeffs:
  - 0.06295875462437199
  - -0.2959399086674573
  - 0.471149183775789
  - -0.24018248941620857
  distortion_model: equidistant
  intrinsics:
  - 294.9292846441392
  - 295.3806215763623
  - 420.89208164698533
  - 386.0300080662386
  resolution:
  - 848
  - 800
  rostopic: /top_cam/fisheye2/image_raw_throttled_20
  timeshift_cam_imu: 0.007136867906652422
