cam0:
  T_cam_imu:
  - - -0.012126967003326994
    - -0.9998368504655879
    - 0.013386901148257545
    - 0.06451044811195153
  - - 0.998184186968464
    - -0.011314778476964882
    - 0.05916337274127453
    - 0.0090636821439942
  - - -0.059002250443572
    - 0.014080065307739635
    - 0.998158547628343
    - -0.028593093392982237
  - - 0.0
    - 0.0
    - 0.0
    - 1.0
  cam_overlaps:
  - 1
  camera_model: pinhole
  distortion_coeffs:
  - -0.013297115274271317
  - 0.05166572699528022
  - -0.04923532398751972
  - 0.009628050658058288
  distortion_model: equidistant
  intrinsics:
  - 289.3477733030483
  - 289.8588792703531
  - 422.07626033678815
  - 392.2449159023114
  resolution:
  - 848
  - 800
  rostopic: /camera1/fisheye1/image_raw_throttled
  timeshift_cam_imu: 0.006923130572177411
cam1:
  T_cam_imu:
  - - -0.022307122505327293
    - -0.9997489455852344
    - 0.002106676706344058
    - 0.00174134221813807
  - - 0.9978905736453318
    - -0.022137059704005813
    - 0.06102748247677189
    - 0.009629983053681554
  - - -0.060965525629848666
    - 0.003463580354779998
    - 0.9981338629140899
    - -0.027977606195066847
  - - 0.0
    - 0.0
    - 0.0
    - 1.0
  T_cn_cnm1:
  - - 0.9998845566216147
    - -0.010830040990487125
    - -0.010657562654922332
    - -0.06296823122493174
  - - 0.010849030868737362
    - 0.9999396585575777
    - 0.0017256224865734595
    - -8.36871326614272e-05
  - - 0.01063823099995532
    - -0.0018410475011125444
    - 0.9999417175942268
    - -5.5769655919574725e-05
  - - 0.0
    - 0.0
    - 0.0
    - 1.0
  cam_overlaps:
  - 0
  camera_model: pinhole
  distortion_coeffs:
  - -0.021094583113047745
  - 0.07016826985422149
  - -0.060224064947706366
  - 0.008441636000951623
  distortion_model: equidistant
  intrinsics:
  - 289.56478696122747
  - 289.35988104791096
  - 419.83353453143405
  - 385.40975589424124
  resolution:
  - 848
  - 800
  rostopic: /camera1/fisheye2/image_raw_throttled
  timeshift_cam_imu: 0.0069463164652703675
