cam0:
  cam_overlaps:
  - 1
  - 2
  - 3
  camera_model: pinhole
  distortion_coeffs:
  - -0.0035776511293051944
  - 0.0453627212779403
  - -0.0494925599041468
  - 0.01083162922150733
  distortion_model: equidistant
  intrinsics:
  - 286.60862843937423
  - 286.56374116831427
  - 421.9543568201442
  - 392.7655835641669
  resolution:
  - 848
  - 800
  rostopic: /camera1/fisheye1/image_raw_throttled
cam1:
  T_cn_cnm1:
  - - 0.999919970519629
    - -0.010174565680838101
    - -0.007518694648496869
    - -0.06354860153460426
  - - 0.010161913797300522
    - 0.9999468888363122
    - -0.001719015573748414
    - -0.0003178057578417432
  - - 0.007535785558736211
    - 0.0016424736749390582
    - 0.9999702566657803
    - -0.00040810587305407177
  - - 0.0
    - 0.0
    - 0.0
    - 1.0
  cam_overlaps:
  - 0
  - 2
  - 3
  camera_model: pinhole
  distortion_coeffs:
  - 0.1535908812157876
  - -0.6766062074299493
  - 1.1475465537155698
  - -0.6375456337983162
  distortion_model: equidistant
  intrinsics:
  - 283.42971942228064
  - 283.263685496065
  - 419.6616485717446
  - 387.14237740283414
  resolution:
  - 848
  - 800
  rostopic: /camera1/fisheye2/image_raw_throttled
cam2:
  T_cn_cnm1:
  - - 0.9993258924000343
    - -0.014299797181912143
    - 0.03381237317090802
    - 0.04934507756726804
  - - 0.03322320163866316
    - -0.03960594773388909
    - -0.9986628999702526
    - -0.08305468225316036
  - - 0.015619848007240422
    - 0.9991130490113088
    - -0.03910416401835076
    - -0.26072404177230724
  - - 0.0
    - 0.0
    - 0.0
    - 1.0
  cam_overlaps:
  - 0
  - 1
  - 3
  - 4
  - 5
  camera_model: pinhole
  distortion_coeffs:
  - 0.00044332991341915684
  - 0.047339761504880104
  - -0.0480028048665183
  - 0.010002161289179745
  distortion_model: equidistant
  intrinsics:
  - 282.22414085829786
  - 281.89128469555095
  - 426.1671430570787
  - 406.78352083911096
  resolution:
  - 848
  - 800
  rostopic: /camera2/fisheye1/image_raw_throttled
cam3:
  T_cn_cnm1:
  - - 0.9999801374274795
    - -0.0039608455993648305
    - -0.004902698505727381
    - -0.0635965041673066
  - - 0.003962976213702732
    - 0.9999920570905697
    - 0.00042494150331488453
    - -0.00030506684095841125
  - - 0.00490097643635384
    - -0.00044436234044461576
    - 0.9999878914127218
    - -0.00030705739033593703
  - - 0.0
    - 0.0
    - 0.0
    - 1.0
  cam_overlaps:
  - 0
  - 1
  - 2
  - 4
  - 5
  camera_model: pinhole
  distortion_coeffs:
  - 0.002557256989331595
  - 0.04429686530480977
  - -0.045827118997280945
  - 0.009461895480672958
  distortion_model: equidistant
  intrinsics:
  - 283.35125730550214
  - 282.8181467242318
  - 432.5042155136413
  - 403.90163933838426
  resolution:
  - 848
  - 800
  rostopic: /camera2/fisheye2/image_raw_throttled
cam4:
  T_cn_cnm1:
  - - -0.99741943987061
    - -0.0420654823358248
    - -0.05818037610801098
    - 0.019248586539502798
  - - -0.05140551267506131
    - -0.1472775597620486
    - 0.9877584692915402
    - 0.22187143974306023
  - - -0.05011920026127027
    - 0.9882002912296712
    - 0.1447351034779748
    - -0.03302005027933857
  - - 0.0
    - 0.0
    - 0.0
    - 1.0
  cam_overlaps:
  - 2
  - 3
  - 5
  camera_model: pinhole
  distortion_coeffs:
  - -0.03707946271520816
  - 0.04800989225735914
  - -0.02687154591474633
  - 0.0015922433128404637
  distortion_model: equidistant
  intrinsics:
  - 295.1763043985782
  - 295.26320105841097
  - 422.00739967478074
  - 386.0503168610286
  resolution:
  - 848
  - 800
  rostopic: /camera3/fisheye1/image_raw_throttled
cam5:
  T_cn_cnm1:
  - - 0.9999744795127699
    - -0.004607630383709394
    - -0.005459859467662885
    - -0.0642801713117197
  - - 0.004665299267330333
    - 0.9999329659527084
    - 0.01059710261157538
    - -0.0011461593120645865
  - - 0.005410665939212758
    - -0.010622304046727747
    - 0.9999289431508759
    - -0.009278377175244707
  - - 0.0
    - 0.0
    - 0.0
    - 1.0
  cam_overlaps:
  - 2
  - 3
  - 4
  camera_model: pinhole
  distortion_coeffs:
  - -0.004126197945459014
  - 0.052117563759850556
  - -0.05595033302299126
  - 0.01266357743133339
  distortion_model: equidistant
  intrinsics:
  - 284.2475653445234
  - 285.48575200199997
  - 425.65480714840976
  - 404.12407274305065
  resolution:
  - 848
  - 800
  rostopic: /camera3/fisheye2/image_raw_throttled
