cam0:
  T_cam_imu:
  - - 0.015773222700214584
    - -0.9992906231539833
    - 0.03419730869782572
    - 0.03480725095853865
  - - -0.06433955143914855
    - -0.035145056999238894
    - -0.9973090028116314
    - -0.03504394243871575
  - - 0.9978034012601178
    - 0.013530537500232587
    - -0.06484826126193513
    - -0.2509256955527096
  - - 0.0
    - 0.0
    - 0.0
    - 1.0
  cam_overlaps:
  - 1
  camera_model: pinhole
  distortion_coeffs:
  - -0.023766589310260787
  - 0.07422591111495024
  - -0.07380041869976968
  - 0.018853484840159862
  distortion_model: equidistant
  intrinsics:
  - 289.4707676041817
  - 289.753162501498
  - 426.11576155158014
  - 405.7743582392318
  resolution:
  - 848
  - 800
  rostopic: /camera2/fisheye1/image_raw_throttled
  timeshift_cam_imu: 0.007289095186295003
cam1:
  T_cam_imu:
  - - 0.011236018905432243
    - -0.9992021556206159
    - 0.03832497987306993
    - -0.02755465460249803
  - - -0.06375858968896714
    - -0.03896531820956517
    - -0.9972043653222249
    - -0.03525583562809591
  - - 0.9979020964603845
    - 0.008761060434775036
    - -0.06414553530860512
    - -0.25100100033180245
  - - 0.0
    - 0.0
    - 0.0
    - 1.0
  T_cn_cnm1:
  - - 0.999981184142943
    - -0.0038277511632755726
    - -0.004793712664141965
    - -0.06369825580874336
  - - 0.003830293165070343
    - 0.9999925285693612
    - 0.0005212098635153543
    - -0.00021469204567519819
  - - 0.004791681786588919
    - -0.0005395613813578406
    - 0.9999883742620055
    - -0.00026391560393476617
  - - 0.0
    - 0.0
    - 0.0
    - 1.0
  cam_overlaps:
  - 0
  camera_model: pinhole
  distortion_coeffs:
  - -0.007936346599700082
  - 0.03467240873043604
  - -0.03359730859136345
  - 0.005076691301866004
  distortion_model: equidistant
  intrinsics:
  - 290.16818626805787
  - 290.2817801094475
  - 432.42339756184157
  - 402.7719627965969
  resolution:
  - 848
  - 800
  rostopic: /camera2/fisheye2/image_raw_throttled
  timeshift_cam_imu: 0.007367279294674908
