cam0:
  T_cam_imu:
  - - 0.03034688749230119
    - -0.9887127745992341
    - -0.14671780997484374
    - 0.06301568450988818
  - - -0.0410499753155909
    - 0.14542876163944948
    - -0.9885167549488507
    - 0.06840079364329349
  - - 0.9986961329384026
    - 0.03602116922451226
    - -0.03617332472389079
    - 0.1471846611041838
  - - 0.0
    - 0.0
    - 0.0
    - 1.0
  cam_overlaps: []
  camera_model: pinhole
  distortion_coeffs:
  - 0.17179785760387825
  - -0.3982602160103166
  - 0.012797464728081477
  - -0.01193435482070149
  distortion_model: radtan
  intrinsics:
  - 740.2808356745078
  - 739.7813295007239
  - 275.90623643609115
  - 247.65900200608272
  resolution:
  - 640
  - 480
  rostopic: /L515/color/image_raw
  timeshift_cam_imu: 1.9682477145450294
