cam0:
  T_cam_imu:
  - - 0.018428322070813574
    - -0.9925999461505148
    - 0.12002393031244729
    - 0.10704933505693437
  - - -0.05727910662356578
    - -0.12089526307042384
    - -0.9910113214850459
    - 0.01926089036148929
  - - 0.9981881089704778
    - 0.011387812306402956
    - -0.059083134994798586
    - 0.16661354470871909
  - - 0.0
    - 0.0
    - 0.0
    - 1.0
  cam_overlaps: []
  camera_model: pinhole
  distortion_coeffs:
  - 0.041722033121145446
  - -0.029662311230545635
  - 0.0012825170612133937
  - 0.005826297908204999
  distortion_model: radtan
  intrinsics:
  - 461.5128552792403
  - 461.18763870767424
  - 352.7361049840953
  - 208.87217561906715
  resolution:
  - 640
  - 480
  rostopic: /l515/color/image_raw
  timeshift_cam_imu: 0.6814349738085481
