cam0:
  T_cam_imu:
  - - -0.010263000341665461
    - -0.9996128898801765
    - -0.025860031117325495
    - 0.03774456405809859
  - - -0.9992794261081067
    - 0.009307644657150095
    - 0.03679668881827652
    - -0.07799642729396787
  - - -0.03654174846719606
    - 0.026219041483972933
    - -0.9989881192900252
    - -0.10645506833220987
  - - 0.0
    - 0.0
    - 0.0
    - 1.0
  cam_overlaps:
  - 1
  camera_model: pinhole
  distortion_coeffs:
  - 0.035955074132719866
  - -0.10307630532987008
  - 0.13475673384210493
  - -0.05883622028157312
  distortion_model: equidistant
  intrinsics:
  - 280.9544133838882
  - 281.7848027230717
  - 429.2698898404782
  - 396.0257572445563
  resolution:
  - 848
  - 800
  rostopic: /camera3/fisheye1/image_raw_throttled
  timeshift_cam_imu: 0.0067427308333519636
cam1:
  T_cam_imu:
  - - -0.010107731000620162
    - -0.9998301319320572
    - -0.015412366941653363
    - -0.0228817550613772
  - - -0.9993899017852753
    - 0.009585570796590576
    - 0.03358483351337911
    - -0.07909032247665566
  - - -0.03343139218813576
    - 0.015742430346951428
    - -0.9993170257246369
    - -0.10709690558229616
  - - 0.0
    - 0.0
    - 0.0
    - 1.0
  T_cn_cnm1:
  - - 0.9999453875052964
    - 0.00022725997771468517
    - -0.01044846207740393
    - -0.061718824072759006
  - - -0.00019362606137786725
    - 0.999994797268842
    - 0.003219929221857457
    - -0.0007442148605154924
  - - 0.01044913947790794
    - -0.003217730278930382
    - 0.999940229061728
    - -0.0012935698495323007
  - - 0.0
    - 0.0
    - 0.0
    - 1.0
  cam_overlaps:
  - 0
  camera_model: pinhole
  distortion_coeffs:
  - 0.0004541589760099671
  - 0.052373990396279844
  - -0.0597392961424133
  - 0.019994647316280117
  distortion_model: equidistant
  intrinsics:
  - 279.4391924113185
  - 280.0007478182699
  - 431.14988344211423
  - 395.7370113153773
  resolution:
  - 848
  - 800
  rostopic: /camera3/fisheye2/image_raw_throttled
  timeshift_cam_imu: 0.006830054731722347
