cam0:
  T_cam_imu:
  - - -0.00452507817523489
    - -0.9987964582609509
    - -0.048838085884783174
    - 0.03866509718353751
  - - -0.9987875765292832
    - 0.002120182560448832
    - 0.049182128834289046
    - -0.07119587176492602
  - - -0.04901939043144305
    - 0.04900142642099119
    - -0.9975950879843178
    - -0.14656350203461924
  - - 0.0
    - 0.0
    - 0.0
    - 1.0
  cam_overlaps:
  - 1
  camera_model: pinhole
  distortion_coeffs:
  - -9.057717322255945e-05
  - 0.03466604837112121
  - -0.015079923617017352
  - -0.00014365180481924622
  distortion_model: equidistant
  intrinsics:
  - 254.24189692159968
  - 256.47762074609466
  - 427.3896439789646
  - 397.5555184066622
  resolution:
  - 848
  - 800
  rostopic: /bottom_cam/fisheye1/image_raw_throttled
  timeshift_cam_imu: 0.006420166636482127
cam1:
  T_cam_imu:
  - - -0.0020685031026712875
    - -0.9992062735233013
    - -0.03978120469005101
    - -0.022374739236813115
  - - -0.9979198347167547
    - -0.000500697611230311
    - 0.06446512840898572
    - -0.0692647155119913
  - - -0.0644338790839039
    - 0.03983179952725718
    - -0.997126723627755
    - -0.1512967515027365
  - - 0.0
    - 0.0
    - 0.0
    - 1.0
  T_cn_cnm1:
  - - 0.9999558850966949
    - -0.002009028848704041
    - -0.009175601537352751
    - -0.06252597356820008
  - - 0.0018674067876556467
    - 0.999879403967637
    - -0.015417208346976614
    - -0.00040923319857696754
  - - 0.00920546861254835
    - 0.015399393637729462
    - 0.9998390460585219
    - -0.004016396525281457
  - - 0.0
    - 0.0
    - 0.0
    - 1.0
  cam_overlaps:
  - 0
  camera_model: pinhole
  distortion_coeffs:
  - -0.060114648481872576
  - 0.2144405947922094
  - -0.17444984546700923
  - 0.043984616616312436
  distortion_model: equidistant
  intrinsics:
  - 253.2258011485554
  - 253.61097843804703
  - 429.25703609930576
  - 401.8426475134732
  resolution:
  - 848
  - 800
  rostopic: /bottom_cam/fisheye2/image_raw_throttled
  timeshift_cam_imu: 0.006256933273330745
