cam0:
  T_cam_imu:
  - - -0.029944508444581915
    - 0.9986470014712379
    - 0.042514619444582416
    - 0.04582325053949237
  - - 0.9993413242613165
    - 0.03078344274963945
    - -0.019217108942754392
    - -0.022382337413042682
  - - -0.020499854576322796
    - 0.04191116921519815
    - -0.9989110119812298
    - -0.0923576655161854
  - - 0.0
    - 0.0
    - 0.0
    - 1.0
  cam_overlaps:
  - 1
  camera_model: pinhole
  distortion_coeffs:
  - -0.022130310111987975
  - 0.06510042643224756
  - -0.06481546726737773
  - 0.016977091699834617
  distortion_model: equidistant
  intrinsics:
  - 293.49162286439264
  - 293.52680017019276
  - 423.5666652962232
  - 386.0813843895556
  resolution:
  - 848
  - 800
  rostopic: /camera3/fisheye1/image_raw_throttled
  timeshift_cam_imu: 0.006431596754668087
cam1:
  T_cam_imu:
  - - -0.032536474931561914
    - 0.9983018463792296
    - 0.04831978181706175
    - -0.01706551395853413
  - - 0.9992103687815154
    - 0.03359301539135901
    - -0.021216697113915245
    - -0.022387443479520347
  - - -0.022803875077178133
    - 0.0475913104750912
    - -0.9986065543790146
    - -0.09200237804464927
  - - 0.0
    - 0.0
    - 0.0
    - 1.0
  T_cn_cnm1:
  - - 0.9999797313337616
    - -0.002712442721296516
    - -0.005760171537625548
    - -0.06348054252624481
  - - 0.0027246809613969193
    - 0.9999940453996901
    - 0.0021178476863013846
    - 6.55063855403998e-05
  - - 0.005754392697564798
    - -0.0021334993900764343
    - 0.9999811673951845
    - 4.211045461737801e-05
  - - 0.0
    - 0.0
    - 0.0
    - 1.0
  cam_overlaps:
  - 0
  camera_model: pinhole
  distortion_coeffs:
  - -0.023660871212019437
  - 0.07748329823073707
  - -0.08269508970645895
  - 0.023414177791100613
  distortion_model: equidistant
  intrinsics:
  - 293.8506762143495
  - 294.1003643466184
  - 426.04078932182375
  - 404.14277739626164
  resolution:
  - 848
  - 800
  rostopic: /camera3/fisheye2/image_raw_throttled
  timeshift_cam_imu: 0.006428363579901948
