cam0:
  T_cam_imu:
  - - -0.007916873246127387
    - -0.9986662446934005
    - -0.051020141395203555
    - 0.06376901203797297
  - - 0.9957514329201202
    - -0.0031922860066730396
    - -0.0920265893510101
    - 0.015401486684416025
  - - 0.09174097751568053
    - -0.051531941745226434
    - 0.9944486170860889
    - -0.022521304654880864
  - - 0.0
    - 0.0
    - 0.0
    - 1.0
  cam_overlaps:
  - 1
  camera_model: pinhole
  distortion_coeffs:
  - -0.013297115274271317
  - 0.05166572699528022
  - -0.04923532398751972
  - 0.009628050658058288
  distortion_model: equidistant
  intrinsics:
  - 289.3477733030483
  - 289.8588792703531
  - 422.07626033678815
  - 392.2449159023114
  resolution:
  - 848
  - 800
  rostopic: /camera1/fisheye1/image_raw_throttled
  timeshift_cam_imu: 0.0071620042583593405
cam1:
  T_cam_imu:
  - - -0.019677723346292086
    - -0.9979671778020474
    - -0.060615998166524805
    - 0.0008666425861785232
  - - 0.9957637677338729
    - -0.01411557897322785
    - -0.09085851252740562
    - 0.015969838914162017
  - - 0.08981818341710632
    - -0.062147103392418156
    - 0.9940173195008142
    - -0.021925727102858852
  - - 0.0
    - 0.0
    - 0.0
    - 1.0
  T_cn_cnm1:
  - - 0.9998845566216147
    - -0.010830040990487125
    - -0.010657562654922332
    - -0.06296823122493174
  - - 0.010849030868737362
    - 0.9999396585575777
    - 0.0017256224865734595
    - -8.36871326614272e-05
  - - 0.01063823099995532
    - -0.0018410475011125444
    - 0.9999417175942268
    - -5.5769655919574725e-05
  - - 0.0
    - 0.0
    - 0.0
    - 1.0
  cam_overlaps:
  - 0
  camera_model: pinhole
  distortion_coeffs:
  - -0.021094583113047745
  - 0.07016826985422149
  - -0.060224064947706366
  - 0.008441636000951623
  distortion_model: equidistant
  intrinsics:
  - 289.56478696122747
  - 289.35988104791096
  - 419.83353453143405
  - 385.40975589424124
  resolution:
  - 848
  - 800
  rostopic: /camera1/fisheye2/image_raw_throttled
  timeshift_cam_imu: 0.007092926212376161
