cam0:
  T_cam_imu:
  - - -0.01114187907275943
    - -0.9982314394219024
    - -0.058393937017487185
    - 0.04511462050535456
  - - -0.037802322507117014
    - 0.0587763125039433
    - -0.9975551761689697
    - -0.0327417340118589
  - - 0.9992231197003968
    - -0.008907212701684597
    - -0.03839034537603214
    - -0.29875436748665607
  - - 0.0
    - 0.0
    - 0.0
    - 1.0
  cam_overlaps:
  - 1
  camera_model: pinhole
  distortion_coeffs:
  - -0.002255096201917484
  - 0.1860416227106719
  - -0.19582539281181338
  - 0.06615300894615783
  distortion_model: equidistant
  intrinsics:
  - 247.68029442435667
  - 249.3476373013362
  - 421.5958283341732
  - 392.6736843227775
  resolution:
  - 848
  - 800
  rostopic: /front_cam/fisheye1/image_raw_throttled
  timeshift_cam_imu: 0.0071564890360840015
cam1:
  T_cam_imu:
  - - 0.0022187245715070136
    - -0.998726588895346
    - -0.05040116957712826
    - -0.023148379956662822
  - - -0.03700907717692514
    - 0.050284756232047007
    - -0.9980489825139827
    - -0.03339958820740472
  - - 0.9993124663826567
    - 0.0040796965757585735
    - -0.036850381382850794
    - -0.2972730475162274
  - - 0.0
    - 0.0
    - 0.0
    - 1.0
  T_cn_cnm1:
  - - 0.9998786823829494
    - -0.008507391440082394
    - 0.013047789353637837
    - -0.0646379899559844
  - - 0.008496535493292552
    - 0.9999635101946079
    - 0.0008872225675380895
    - -0.0007773052924534711
  - - -0.01305486119202008
    - -0.0007762539264582157
    - 0.9999144803577422
    - 0.002019319812641286
  - - 0.0
    - 0.0
    - 0.0
    - 1.0
  cam_overlaps:
  - 0
  camera_model: pinhole
  distortion_coeffs:
  - 0.023504830885416852
  - 0.0920560555693652
  - -0.09208906650931946
  - 0.03164674224480254
  distortion_model: equidistant
  intrinsics:
  - 249.31151494428576
  - 249.8755702640431
  - 426.781935898015
  - 396.7393666629004
  resolution:
  - 848
  - 800
  rostopic: /front_cam/fisheye2/image_raw_throttled
  timeshift_cam_imu: 0.0074838263293938315
